0.000, 17.000, 0.000, 200.000, 0.000, 3.000, 5.000
0.200, 17.040, 0.000, 199.881, 0.000, 2.977, 4.971
0.400, 17.080, 0.000, 199.763, 0.000, 2.962, 4.952
0.600, 17.120, 0.000, 199.644, 0.000, 2.953, 4.935
0.800, 17.161, 0.000, 199.526, 0.000, 2.950, 4.918
1.000, 17.201, 0.000, 199.409, 0.000, 2.951, 4.902
1.200, 17.241, 0.000, 199.292, 0.000, 2.958, 4.885
1.400, 17.281, 0.000, 199.177, 0.000, 2.970, 4.869
1.600, 17.319, 0.000, 199.063, 0.000, 2.987, 4.853
1.800, 17.357, 0.000, 198.951, 0.000, 3.009, 4.838
2.000, 17.394, 0.000, 198.842, 0.000, 3.036, 4.823
2.200, 17.430, 0.000, 198.735, 0.000, 3.067, 4.809
2.400, 17.464, 0.000, 198.630, 0.000, 3.104, 4.795
2.600, 17.497, 0.000, 198.529, 0.000, 3.145, 4.782
2.800, 17.528, 0.000, 198.430, 0.000, 3.190, 4.769
3.000, 17.558, 0.000, 198.336, 0.000, 3.239, 4.758
3.200, 17.586, 0.000, 198.245, 0.000, 3.292, 4.747
3.400, 17.611, 0.000, 198.157, 0.000, 3.348, 4.736
3.600, 17.635, 0.000, 198.074, 0.000, 3.408, 4.727
3.800, 17.656, 0.000, 197.995, 0.000, 3.471, 4.719
4.000, 17.675, 0.000, 197.921, 0.000, 3.536, 4.711
4.200, 17.692, 0.000, 197.850, 0.000, 3.605, 4.704
4.400, 17.706, 0.000, 197.785, 0.000, 3.675, 4.699
4.600, 17.718, 0.000, 197.724, 0.000, 3.747, 4.694
4.800, 17.727, 0.000, 197.668, 0.000, 3.821, 4.690
5.000, 17.734, 0.000, 197.617, 0.000, 3.896, 4.688
5.200, 17.738, 0.000, 197.570, 0.000, 3.972, 4.686
5.400, 17.739, 0.000, 197.529, 0.000, 4.048, 4.685
5.600, 17.738, 0.000, 197.492, 0.000, 4.125, 4.686
5.800, 17.735, 0.000, 197.459, 0.000, 4.201, 4.687
6.000, 17.728, 0.000, 197.432, 0.000, 4.277, 4.689
6.200, 17.719, 0.000, 197.408, 0.000, 4.352, 4.693
6.400, 17.708, 0.000, 197.390, 0.000, 4.427, 4.697
6.600, 17.694, 0.000, 197.375, 0.000, 4.499, 4.702
6.800, 17.678, 0.000, 197.365, 0.000, 4.570, 4.708
7.000, 17.660, 0.000, 197.358, 0.000, 4.639, 4.715
7.200, 17.639, 0.000, 197.355, 0.000, 4.706, 4.723
7.400, 17.616, 0.000, 197.356, 0.000, 4.770, 4.732
7.600, 17.592, 0.000, 197.360, 0.000, 4.831, 4.742
7.800, 17.565, 0.000, 197.367, 0.000, 4.888, 4.752
8.000, 17.536, 0.000, 197.377, 0.000, 4.943, 4.763
8.200, 17.506, 0.000, 197.389, 0.000, 4.994, 4.775
8.400, 17.475, 0.000, 197.404, 0.000, 5.041, 4.788
8.600, 17.442, 0.000, 197.420, 0.000, 5.083, 4.801
8.800, 17.408, 0.000, 197.438, 0.000, 5.122, 4.814
9.000, 17.372, 0.000, 197.457, 0.000, 5.156, 4.829
9.200, 17.336, 0.000, 197.478, 0.000, 5.186, 4.843
9.400, 17.299, 0.000, 197.499, 0.000, 5.211, 4.858
9.600, 17.262, 0.000, 197.520, 0.000, 5.231, 4.873
9.800, 17.224, 0.000, 197.542, 0.000, 5.247, 4.889
10.000, 17.186, 0.000, 197.563, 0.000, 5.257, 4.904
10.200, 17.148, 0.000, 197.584, 0.000, 5.263, 4.920
10.400, 17.109, 0.000, 197.604, 0.000, 5.264, 4.936
10.600, 17.071, 0.000, 197.623, 0.000, 5.259, 4.952
10.800, 17.034, 0.000, 197.641, 0.000, 5.250, 4.967
11.000, 16.997, 0.000, 197.656, 0.000, 5.236, 4.983
11.200, 16.961, 0.000, 197.670, 0.000, 5.218, 4.998
11.400, 16.926, 0.000, 197.682, 0.000, 5.194, 5.013
11.600, 16.891, 0.000, 197.692, 0.000, 5.166, 5.028
11.800, 16.858, 0.000, 197.698, 0.000, 5.134, 5.042
12.000, 16.827, 0.000, 197.702, 0.000, 5.097, 5.056
12.200, 16.796, 0.000, 197.703, 0.000, 5.057, 5.069
12.400, 16.768, 0.000, 197.701, 0.000, 5.012, 5.081
12.600, 16.741, 0.000, 197.695, 0.000, 4.964, 5.093
12.800, 16.716, 0.000, 197.685, 0.000, 4.912, 5.104
13.000, 16.693, 0.000, 197.672, 0.000, 4.857, 5.114
13.200, 16.672, 0.000, 197.655, 0.000, 4.799, 5.123
13.400, 16.653, 0.000, 197.634, 0.000, 4.738, 5.132
13.600, 16.636, 0.000, 197.609, 0.000, 4.674, 5.139
13.800, 16.622, 0.000, 197.580, 0.000, 4.609, 5.146
14.000, 16.609, 0.000, 197.546, 0.000, 4.542, 5.151
14.200, 16.600, 0.000, 197.509, 0.000, 4.473, 5.156
14.400, 16.592, 0.000, 197.467, 0.000, 4.402, 5.159
14.600, 16.587, 0.000, 197.421, 0.000, 4.331, 5.161
14.800, 16.585, 0.000, 197.371, 0.000, 4.259, 5.163
15.000, 16.585, 0.000, 197.316, 0.000, 4.187, 5.163
15.200, 16.587, 0.000, 197.258, 0.000, 4.114, 5.162
15.400, 16.592, 0.000, 197.195, 0.000, 4.042, 5.160
15.600, 16.599, 0.000, 197.128, 0.000, 3.971, 5.157
15.800, 16.609, 0.000, 197.057, 0.000, 3.901, 5.152
16.000, 16.621, 0.000, 196.983, 0.000, 3.831, 5.147
16.200, 16.635, 0.000, 196.904, 0.000, 3.763, 5.141
16.400, 16.652, 0.000, 196.823, 0.000, 3.698, 5.134
16.600, 16.670, 0.000, 196.737, 0.000, 3.634, 5.126
16.800, 16.691, 0.000, 196.649, 0.000, 3.572, 5.117
17.000, 16.713, 0.000, 196.557, 0.000, 3.513, 5.107
17.200, 16.738, 0.000, 196.463, 0.000, 3.457, 5.097
17.400, 16.764, 0.000, 196.366, 0.000, 3.405, 5.086
17.600, 16.792, 0.000, 196.266, 0.000, 3.355, 5.074
17.800, 16.821, 0.000, 196.164, 0.000, 3.309, 5.061
18.000, 16.851, 0.000, 196.060, 0.000, 3.267, 5.048
18.200, 16.883, 0.000, 195.955, 0.000, 3.229, 5.035
18.400, 16.916, 0.000, 195.847, 0.000, 3.195, 5.021
18.600, 16.950, 0.000, 195.739, 0.000, 3.165, 5.006
18.800, 16.984, 0.000, 195.630, 0.000, 3.139, 4.992
19.000, 17.019, 0.000, 195.519, 0.000, 3.118, 4.977
19.200, 17.055, 0.000, 195.409, 0.000, 3.101, 4.962
19.400, 17.091, 0.000, 195.298, 0.000, 3.089, 4.947
19.600, 17.127, 0.000, 195.187, 0.000, 3.082, 4.932
19.800, 17.163, 0.000, 195.077, 0.000, 3.079, 4.917
20.000, 17.199, 0.000, 194.967, 0.000, 3.081, 4.902
20.200, 17.235, 0.000, 194.858, 0.000, 3.088, 4.888
20.400, 17.270, 0.000, 194.751, 0.000, 3.099, 4.873
20.600, 17.304, 0.000, 194.645, 0.000, 3.114, 4.859
20.800, 17.338, 0.000, 194.540, 0.000, 3.134, 4.846
21.000, 17.371, 0.000, 194.438, 0.000, 3.159, 4.832
21.200, 17.402, 0.000, 194.337, 0.000, 3.188, 4.820
21.400, 17.433, 0.000, 194.240, 0.000, 3.220, 4.807
21.600, 17.462, 0.000, 194.145, 0.000, 3.257, 4.796
21.800, 17.490, 0.000, 194.052, 0.000, 3.298, 4.784
22.000, 17.516, 0.000, 193.963, 0.000, 3.342, 4.774
22.200, 17.540, 0.000, 193.877, 0.000, 3.389, 4.764
22.400, 17.563, 0.000, 193.795, 0.000, 3.440, 4.755
22.600, 17.584, 0.000, 193.716, 0.000, 3.494, 4.747
22.800, 17.603, 0.000, 193.641, 0.000, 3.550, 4.739
23.000, 17.619, 0.000, 193.570, 0.000, 3.609, 4.733
23.200, 17.634, 0.000, 193.503, 0.000, 3.670, 4.727
23.400, 17.647, 0.000, 193.441, 0.000, 3.733, 4.722
23.600, 17.657, 0.000, 193.382, 0.000, 3.797, 4.718
23.800, 17.665, 0.000, 193.327, 0.000, 3.863, 4.715
24.000, 17.670, 0.000, 193.277, 0.000, 3.930, 4.712
24.200, 17.674, 0.000, 193.231, 0.000, 3.998, 4.711
24.400, 17.675, 0.000, 193.189, 0.000, 4.066, 4.710
24.600, 17.674, 0.000, 193.152, 0.000, 4.134, 4.711
24.800, 17.670, 0.000, 193.118, 0.000, 4.202, 4.712
25.000, 17.664, 0.000, 193.089, 0.000, 4.270, 4.714
25.200, 17.656, 0.000, 193.064, 0.000, 4.337, 4.717
25.400, 17.646, 0.000, 193.042, 0.000, 4.403, 4.721
25.600, 17.633, 0.000, 193.024, 0.000, 4.467, 4.726
25.800, 17.618, 0.000, 193.010, 0.000, 4.530, 4.732
26.000, 17.602, 0.000, 193.000, 0.000, 4.592, 4.738
26.200, 17.583, 0.000, 192.992, 0.000, 4.651, 4.745
26.400, 17.563, 0.000, 192.988, 0.000, 4.707, 4.753
26.600, 17.540, 0.000, 192.987, 0.000, 4.761, 4.762
26.800, 17.516, 0.000, 192.988, 0.000, 4.813, 4.772
27.000, 17.491, 0.000, 192.992, 0.000, 4.861, 4.782
27.200, 17.464, 0.000, 192.998, 0.000, 4.906, 4.792
27.400, 17.436, 0.000, 193.006, 0.000, 4.947, 4.803
27.600, 17.406, 0.000, 193.015, 0.000, 4.985, 4.815
27.800, 17.376, 0.000, 193.026, 0.000, 5.019, 4.827
28.000, 17.344, 0.000, 193.039, 0.000, 5.049, 4.840
28.200, 17.312, 0.000, 193.052, 0.000, 5.075, 4.853
28.400, 17.279, 0.000, 193.065, 0.000, 5.097, 4.867
28.600, 17.245, 0.000, 193.079, 0.000, 5.114, 4.880
28.800, 17.212, 0.000, 193.093, 0.000, 5.128, 4.894
29.000, 17.178, 0.000, 193.107, 0.000, 5.137, 4.908
29.200, 17.143, 0.000, 193.121, 0.000, 5.141, 4.922
29.400, 17.109, 0.000, 193.133, 0.000, 5.141, 4.936
29.600, 17.076, 0.000, 193.145, 0.000, 5.137, 4.950
29.800, 17.042, 0.000, 193.156, 0.000, 5.128, 4.964
30.000, 17.010, 0.000, 193.164, 0.000, 5.116, 4.978
30.200, 16.977, 0.000, 193.172, 0.000, 5.098, 4.992
30.400, 16.946, 0.000, 193.177, 0.000, 5.077, 5.005
30.600, 16.916, 0.000, 193.180, 0.000, 5.052, 5.018
30.800, 16.886, 0.000, 193.181, 0.000, 5.022, 5.030
31.000, 16.858, 0.000, 193.179, 0.000, 4.989, 5.042
31.200, 16.831, 0.000, 193.174, 0.000, 4.953, 5.054
31.400, 16.806, 0.000, 193.167, 0.000, 4.913, 5.065
31.600, 16.782, 0.000, 193.156, 0.000, 4.869, 5.075
31.800, 16.760, 0.000, 193.142, 0.000, 4.822, 5.085
32.000, 16.740, 0.000, 193.125, 0.000, 4.773, 5.094
32.200, 16.721, 0.000, 193.105, 0.000, 4.721, 5.102
32.400, 16.705, 0.000, 193.081, 0.000, 4.666, 5.109
32.600, 16.690, 0.000, 193.053, 0.000, 4.610, 5.116
32.800, 16.677, 0.000, 193.022, 0.000, 4.551, 5.121
33.000, 16.667, 0.000, 192.986, 0.000, 4.491, 5.126
33.200, 16.658, 0.000, 192.947, 0.000, 4.429, 5.130
33.400, 16.652, 0.000, 192.905, 0.000, 4.367, 5.133
33.600, 16.648, 0.000, 192.858, 0.000, 4.303, 5.135
33.800, 16.646, 0.000, 192.808, 0.000, 4.239, 5.136
34.000, 16.646, 0.000, 192.754, 0.000, 4.174, 5.136
34.200, 16.648, 0.000, 192.696, 0.000, 4.110, 5.135
34.400, 16.653, 0.000, 192.634, 0.000, 4.046, 5.133
34.600, 16.660, 0.000, 192.569, 0.000, 3.982, 5.130
34.800, 16.668, 0.000, 192.501, 0.000, 3.920, 5.126
35.000, 16.679, 0.000, 192.429, 0.000, 3.858, 5.122
35.200, 16.692, 0.000, 192.354, 0.000, 3.798, 5.116
35.400, 16.707, 0.000, 192.275, 0.000, 3.739, 5.110
35.600, 16.724, 0.000, 192.194, 0.000, 3.682, 5.102
35.800, 16.743, 0.000, 192.109, 0.000, 3.628, 5.094
36.000, 16.763, 0.000, 192.022, 0.000, 3.576, 5.086
36.200, 16.785, 0.000, 191.933, 0.000, 3.526, 5.076
36.400, 16.808, 0.000, 191.840, 0.000, 3.479, 5.066
36.600, 16.833, 0.000, 191.746, 0.000, 3.436, 5.056
36.800, 16.859, 0.000, 191.650, 0.000, 3.395, 5.045
37.000, 16.887, 0.000, 191.552, 0.000, 3.358, 5.033
37.200, 16.915, 0.000, 191.453, 0.000, 3.324, 5.021
37.400, 16.944, 0.000, 191.352, 0.000, 3.294, 5.008
37.600, 16.974, 0.000, 191.250, 0.000, 3.268, 4.996
37.800, 17.005, 0.000, 191.147, 0.000, 3.246, 4.983
38.000, 17.037, 0.000, 191.044, 0.000, 3.227, 4.970
38.200, 17.068, 0.000, 190.940, 0.000, 3.213, 4.956
38.400, 17.100, 0.000, 190.836, 0.000, 3.203, 4.943
38.600, 17.133, 0.000, 190.732, 0.000, 3.196, 4.930
38.800, 17.165, 0.000, 190.629, 0.000, 3.194, 4.916
39.000, 17.197, 0.000, 190.526, 0.000, 3.197, 4.903
39.200, 17.228, 0.000, 190.424, 0.000, 3.203, 4.890
39.400, 17.260, 0.000, 190.323, 0.000, 3.213, 4.877
39.600, 17.290, 0.000, 190.224, 0.000, 3.228, 4.865
39.800, 17.320, 0.000, 190.126, 0.000, 3.246, 4.853
40.000, 17.349, 0.000, 190.030, 0.000, 3.268, 4.841
40.200, 17.378, 0.000, 189.936, 0.000, 3.294, 4.829
40.400, 17.405, 0.000, 189.844, 0.000, 3.324, 4.818
40.600, 17.430, 0.000, 189.754, 0.000, 3.357, 4.808
40.800, 17.455, 0.000, 189.667, 0.000, 3.394, 4.798
41.000, 17.478, 0.000, 189.583, 0.000, 3.433, 4.789
41.200, 17.500, 0.000, 189.502, 0.000, 3.476, 4.780
41.400, 17.520, 0.000, 189.424, 0.000, 3.521, 4.772
41.600, 17.538, 0.000, 189.349, 0.000, 3.570, 4.765
41.800, 17.555, 0.000, 189.278, 0.000, 3.620, 4.758
42.000, 17.569, 0.000, 189.210, 0.000, 3.673, 4.752
42.200, 17.582, 0.000, 189.146, 0.000, 3.727, 4.747
42.400, 17.593, 0.000, 189.085, 0.000, 3.783, 4.743
42.600, 17.602, 0.000, 189.028, 0.000, 3.841, 4.739
42.800, 17.609, 0.000, 188.975, 0.000, 3.900, 4.736
43.000, 17.614, 0.000, 188.926, 0.000, 3.960, 4.734
43.200, 17.616, 0.000, 188.880, 0.000, 4.020, 4.733
43.400, 17.617, 0.000, 188.838, 0.000, 4.081, 4.733
43.600, 17.616, 0.000, 188.800, 0.000, 4.141, 4.733
43.800, 17.612, 0.000, 188.765, 0.000, 4.202, 4.735
44.000, 17.607, 0.000, 188.735, 0.000, 4.262, 4.737
44.200, 17.599, 0.000, 188.707, 0.000, 4.322, 4.740
44.400, 17.590, 0.000, 188.683, 0.000, 4.381, 4.743
44.600, 17.579, 0.000, 188.663, 0.000, 4.438, 4.748
44.800, 17.565, 0.000, 188.646, 0.000, 4.494, 4.753
45.000, 17.550, 0.000, 188.631, 0.000, 4.549, 4.759
45.200, 17.534, 0.000, 188.620, 0.000, 4.601, 4.765
45.400, 17.515, 0.000, 188.611, 0.000, 4.651, 4.772
45.600, 17.495, 0.000, 188.605, 0.000, 4.699, 4.780
45.800, 17.474, 0.000, 188.601, 0.000, 4.744, 4.789
46.000, 17.451, 0.000, 188.600, 0.000, 4.787, 4.798
46.200, 17.426, 0.000, 188.600, 0.000, 4.827, 4.807
46.400, 17.401, 0.000, 188.602, 0.000, 4.863, 4.817
46.600, 17.375, 0.000, 188.606, 0.000, 4.897, 4.828
46.800, 17.347, 0.000, 188.610, 0.000, 4.926, 4.839
47.000, 17.319, 0.000, 188.616, 0.000, 4.953, 4.850
47.200, 17.290, 0.000, 188.623, 0.000, 4.976, 4.862
47.400, 17.261, 0.000, 188.630, 0.000, 4.995, 4.874
47.600, 17.231, 0.000, 188.637, 0.000, 5.010, 4.886
47.800, 17.201, 0.000, 188.645, 0.000, 5.021, 4.899
48.000, 17.171, 0.000, 188.652, 0.000, 5.029, 4.911
48.200, 17.140, 0.000, 188.659, 0.000, 5.032, 4.924
48.400, 17.110, 0.000, 188.665, 0.000, 5.032, 4.936
48.600, 17.080, 0.000, 188.670, 0.000, 5.028, 4.949
48.800, 17.050, 0.000, 188.674, 0.000, 5.020, 4.961
49.000, 17.021, 0.000, 188.677, 0.000, 5.008, 4.973
49.200, 16.992, 0.000, 188.678, 0.000, 4.992, 4.985
49.400, 16.965, 0.000, 188.678, 0.000, 4.973, 4.997
49.600, 16.938, 0.000, 188.675, 0.000, 4.950, 5.009
49.800, 16.912, 0.000, 188.670, 0.000, 4.923, 5.020
50.000, 16.887, 0.000, 188.664, 0.000, 4.893, 5.030
50.200, 16.863, 0.000, 188.654, 0.000, 4.860, 5.041
50.400, 16.841, 0.000, 188.642, 0.000, 4.824, 5.050
50.600, 16.820, 0.000, 188.627, 0.000, 4.785, 5.059
50.800, 16.800, 0.000, 188.610, 0.000, 4.743, 5.068
51.000, 16.782, 0.000, 188.589, 0.000, 4.699, 5.076
51.200, 16.766, 0.000, 188.565, 0.000, 4.652, 5.083
51.400, 16.751, 0.000, 188.539, 0.000, 4.604, 5.089
51.600, 16.738, 0.000, 188.509, 0.000, 4.553, 5.095
51.800, 16.727, 0.000, 188.475, 0.000, 4.501, 5.100
52.000, 16.718, 0.000, 188.438, 0.000, 4.447, 5.104
52.200, 16.710, 0.000, 188.398, 0.000, 4.392, 5.107
52.400, 16.705, 0.000, 188.355, 0.000, 4.336, 5.110
52.600, 16.701, 0.000, 188.308, 0.000, 4.279, 5.111
52.800, 16.700, 0.000, 188.257, 0.000, 4.222, 5.112
53.000, 16.700, 0.000, 188.204, 0.000, 4.164, 5.112
53.200, 16.703, 0.000, 188.147, 0.000, 4.107, 5.111
53.400, 16.707, 0.000, 188.087, 0.000, 4.050, 5.109
53.600, 16.713, 0.000, 188.023, 0.000, 3.993, 5.107
53.800, 16.721, 0.000, 187.957, 0.000, 3.937, 5.103
54.000, 16.731, 0.000, 187.887, 0.000, 3.883, 5.099
54.200, 16.743, 0.000, 187.814, 0.000, 3.829, 5.094
54.400, 16.756, 0.000, 187.739, 0.000, 3.777, 5.088
54.600, 16.772, 0.000, 187.661, 0.000, 3.727, 5.082
54.800, 16.788, 0.000, 187.580, 0.000, 3.678, 5.075
55.000, 16.807, 0.000, 187.497, 0.000, 3.632, 5.067
55.200, 16.826, 0.000, 187.412, 0.000, 3.588, 5.058
55.400, 16.847, 0.000, 187.324, 0.000, 3.547, 5.049
55.600, 16.870, 0.000, 187.235, 0.000, 3.508, 5.040
55.800, 16.893, 0.000, 187.144, 0.000, 3.472, 5.030
56.000, 16.917, 0.000, 187.051, 0.000, 3.439, 5.020
56.200, 16.943, 0.000, 186.957, 0.000, 3.410, 5.009
56.400, 16.969, 0.000, 186.862, 0.000, 3.383, 4.998
56.600, 16.996, 0.000, 186.766, 0.000, 3.360, 4.986
56.800, 17.024, 0.000, 186.669, 0.000, 3.341, 4.975
57.000, 17.052, 0.000, 186.572, 0.000, 3.325, 4.963
57.200, 17.080, 0.000, 186.474, 0.000, 3.313, 4.951
57.400, 17.109, 0.000, 186.377, 0.000, 3.304, 4.939
57.600, 17.137, 0.000, 186.279, 0.000, 3.299, 4.928
57.800, 17.166, 0.000, 186.182, 0.000, 3.297, 4.916
58.000, 17.194, 0.000, 186.085, 0.000, 3.300, 4.904
58.200, 17.223, 0.000, 185.990, 0.000, 3.306, 4.892
58.400, 17.250, 0.000, 185.895, 0.000, 3.315, 4.881
58.600, 17.278, 0.000, 185.801, 0.000, 3.329, 4.870
58.800, 17.304, 0.000, 185.709, 0.000, 3.345, 4.859
59.000, 17.330, 0.000, 185.618, 0.000, 3.366, 4.848
59.200, 17.355, 0.000, 185.530, 0.000, 3.389, 4.838
59.400, 17.379, 0.000, 185.443, 0.000, 3.416, 4.829
59.600, 17.402, 0.000, 185.359, 0.000, 3.446, 4.819
59.800, 17.424, 0.000, 185.276, 0.000, 3.479, 4.811
60.000, 17.444, 0.000, 185.197, 0.000, 3.514, 4.802
60.200, 17.463, 0.000, 185.120, 0.000, 3.553, 4.795
60.400, 17.481, 0.000, 185.046, 0.000, 3.593, 4.788
60.600, 17.497, 0.000, 184.974, 0.000, 3.637, 4.781
60.800, 17.512, 0.000, 184.906, 0.000, 3.682, 4.775
61.000, 17.525, 0.000, 184.841, 0.000, 3.729, 4.770
61.200, 17.536, 0.000, 184.779, 0.000, 3.778, 4.765
61.400, 17.545, 0.000, 184.720, 0.000, 3.828, 4.762
61.600, 17.553, 0.000, 184.665, 0.000, 3.879, 4.758
61.800, 17.559, 0.000, 184.612, 0.000, 3.932, 4.756
62.000, 17.563, 0.000, 184.564, 0.000, 3.985, 4.754
62.200, 17.565, 0.000, 184.518, 0.000, 4.039, 4.753
62.400, 17.566, 0.000, 184.476, 0.000, 4.093, 4.753
62.600, 17.564, 0.000, 184.438, 0.000, 4.147, 4.754
62.800, 17.561, 0.000, 184.402, 0.000, 4.202, 4.755
63.000, 17.556, 0.000, 184.370, 0.000, 4.255, 4.757
63.200, 17.549, 0.000, 184.341, 0.000, 4.308, 4.759
63.400, 17.541, 0.000, 184.315, 0.000, 4.360, 4.763
63.600, 17.530, 0.000, 184.292, 0.000, 4.411, 4.767
63.800, 17.518, 0.000, 184.271, 0.000, 4.461, 4.771
64.000, 17.505, 0.000, 184.254, 0.000, 4.509, 4.777
64.200, 17.489, 0.000, 184.239, 0.000, 4.556, 4.783
64.400, 17.473, 0.000, 184.226, 0.000, 4.601, 4.789
64.600, 17.455, 0.000, 184.216, 0.000, 4.643, 4.796
64.800, 17.436, 0.000, 184.208, 0.000, 4.683, 4.804
65.000, 17.415, 0.000, 184.201, 0.000, 4.721, 4.812
65.200, 17.393, 0.000, 184.196, 0.000, 4.756, 4.821
65.400, 17.371, 0.000, 184.193, 0.000, 4.788, 4.830
65.600, 17.347, 0.000, 184.191, 0.000, 4.817, 4.839
65.800, 17.323, 0.000, 184.191, 0.000, 4.844, 4.849
66.000, 17.297, 0.000, 184.191, 0.000, 4.867, 4.859
66.200, 17.272, 0.000, 184.191, 0.000, 4.887, 4.870
66.400, 17.245, 0.000, 184.193, 0.000, 4.903, 4.881
66.600, 17.219, 0.000, 184.194, 0.000, 4.917, 4.891
66.800, 17.192, 0.000, 184.196, 0.000, 4.926, 4.902
67.000, 17.165, 0.000, 184.197, 0.000, 4.933, 4.914
67.200, 17.138, 0.000, 184.198, 0.000, 4.935, 4.925
67.400, 17.111, 0.000, 184.198, 0.000, 4.935, 4.936
67.600, 17.084, 0.000, 184.198, 0.000, 4.931, 4.947
67.800, 17.058, 0.000, 184.196, 0.000, 4.923, 4.958
68.000, 17.032, 0.000, 184.193, 0.000, 4.912, 4.969
68.200, 17.006, 0.000, 184.189, 0.000, 4.898, 4.980
68.400, 16.981, 0.000, 184.183, 0.000, 4.880, 4.990
68.600, 16.958, 0.000, 184.176, 0.000, 4.859, 5.000
68.800, 16.934, 0.000, 184.167, 0.000, 4.835, 5.010
69.000, 16.912, 0.000, 184.155, 0.000, 4.808, 5.020
69.200, 16.891, 0.000, 184.141, 0.000, 4.779, 5.029
69.400, 16.872, 0.000, 184.125, 0.000, 4.746, 5.037
69.600, 16.853, 0.000, 184.107, 0.000, 4.711, 5.045
69.800, 16.836, 0.000, 184.086, 0.000, 4.673, 5.053
70.000, 16.820, 0.000, 184.062, 0.000, 4.634, 5.059
70.200, 16.805, 0.000, 184.036, 0.000, 4.592, 5.066
70.400, 16.792, 0.000, 184.007, 0.000, 4.548, 5.071
70.600, 16.781, 0.000, 183.974, 0.000, 4.503, 5.076
70.800, 16.771, 0.000, 183.939, 0.000, 4.456, 5.081
71.000, 16.763, 0.000, 183.901, 0.000, 4.408, 5.084
71.200, 16.757, 0.000, 183.860, 0.000, 4.359, 5.087
71.400, 16.752, 0.000, 183.816, 0.000, 4.309, 5.089
71.600, 16.749, 0.000, 183.768, 0.000, 4.258, 5.090
71.800, 16.748, 0.000, 183.718, 0.000, 4.207, 5.091
72.000, 16.749, 0.000, 183.665, 0.000, 4.156, 5.091
72.200, 16.751, 0.000, 183.609, 0.000, 4.105, 5.090
72.400, 16.755, 0.000, 183.550, 0.000, 4.054, 5.088
72.600, 16.761, 0.000, 183.488, 0.000, 4.003, 5.086
72.800, 16.768, 0.000, 183.423, 0.000, 3.954, 5.083
73.000, 16.777, 0.000, 183.355, 0.000, 3.905, 5.079
73.200, 16.788, 0.000, 183.285, 0.000, 3.858, 5.074
73.400, 16.800, 0.000, 183.213, 0.000, 3.811, 5.069
73.600, 16.814, 0.000, 183.138, 0.000, 3.767, 5.063
73.800, 16.829, 0.000, 183.060, 0.000, 3.724, 5.057
74.000, 16.845, 0.000, 182.981, 0.000, 3.683, 5.050
74.200, 16.863, 0.000, 182.900, 0.000, 3.644, 5.043
74.400, 16.882, 0.000, 182.816, 0.000, 3.607, 5.035
74.600, 16.902, 0.000, 182.731, 0.000, 3.573, 5.026
74.800, 16.923, 0.000, 182.645, 0.000, 3.541, 5.017
75.000, 16.945, 0.000, 182.557, 0.000, 3.513, 5.008
75.200, 16.967, 0.000, 182.468, 0.000, 3.486, 4.998
75.400, 16.991, 0.000, 182.378, 0.000, 3.463, 4.988
75.600, 17.015, 0.000, 182.287, 0.000, 3.443, 4.978
75.800, 17.040, 0.000, 182.196, 0.000, 3.426, 4.968
76.000, 17.065, 0.000, 182.104, 0.000, 3.412, 4.958
76.200, 17.090, 0.000, 182.012, 0.000, 3.401, 4.947
76.400, 17.115, 0.000, 181.919, 0.000, 3.394, 4.936
76.600, 17.141, 0.000, 181.827, 0.000, 3.390, 4.926
76.800, 17.167, 0.000, 181.736, 0.000, 3.389, 4.915
77.000, 17.192, 0.000, 181.645, 0.000, 3.392, 4.905
77.200, 17.217, 0.000, 181.554, 0.000, 3.397, 4.895
77.400, 17.242, 0.000, 181.465, 0.000, 3.406, 4.884
77.600, 17.266, 0.000, 181.376, 0.000, 3.418, 4.874
77.800, 17.290, 0.000, 181.289, 0.000, 3.434, 4.865
78.000, 17.313, 0.000, 181.204, 0.000, 3.452, 4.855
78.200, 17.335, 0.000, 181.120, 0.000, 3.473, 4.846
78.400, 17.356, 0.000, 181.038, 0.000, 3.498, 4.838
78.600, 17.376, 0.000, 180.958, 0.000, 3.525, 4.830
78.800, 17.396, 0.000, 180.880, 0.000, 3.554, 4.822
79.000, 17.414, 0.000, 180.804, 0.000, 3.586, 4.814
79.200, 17.431, 0.000, 180.731, 0.000, 3.621, 4.808
79.400, 17.446, 0.000, 180.660, 0.000, 3.657, 4.801
79.600, 17.460, 0.000, 180.591, 0.000, 3.696, 4.796
79.800, 17.473, 0.000, 180.526, 0.000, 3.736, 4.790
80.000, 17.485, 0.000, 180.463, 0.000, 3.778, 4.786
80.200, 17.494, 0.000, 180.403, 0.000, 3.822, 4.782
80.400, 17.503, 0.000, 180.346, 0.000, 3.867, 4.778
80.600, 17.509, 0.000, 180.292, 0.000, 3.913, 4.776
80.800, 17.514, 0.000, 180.241, 0.000, 3.960, 4.774
81.000, 17.518, 0.000, 180.192, 0.000, 4.007, 4.772
81.200, 17.520, 0.000, 180.147, 0.000, 4.055, 4.771
81.400, 17.520, 0.000, 180.105, 0.000, 4.104, 4.771
81.600, 17.519, 0.000, 180.066, 0.000, 4.152, 4.772
81.800, 17.515, 0.000, 180.029, 0.000, 4.200, 4.773
82.000, 17.511, 0.000, 179.996, 0.000, 4.248, 4.775
82.200, 17.504, 0.000, 179.965, 0.000, 4.295, 4.777
82.400, 17.497, 0.000, 179.937, 0.000, 4.342, 4.780
82.600, 17.487, 0.000, 179.912, 0.000, 4.387, 4.784
82.800, 17.476, 0.000, 179.889, 0.000, 4.431, 4.788
83.000, 17.464, 0.000, 179.868, 0.000, 4.474, 4.793
83.200, 17.450, 0.000, 179.850, 0.000, 4.515, 4.798
83.400, 17.435, 0.000, 179.834, 0.000, 4.555, 4.804
83.600, 17.419, 0.000, 179.820, 0.000, 4.592, 4.811
83.800, 17.402, 0.000, 179.807, 0.000, 4.628, 4.817
84.000, 17.384, 0.000, 179.797, 0.000, 4.661, 4.825
84.200, 17.364, 0.000, 179.787, 0.000, 4.692, 4.833
84.400, 17.344, 0.000, 179.780, 0.000, 4.721, 4.841
84.600, 17.323, 0.000, 179.773, 0.000, 4.746, 4.849
84.800, 17.301, 0.000, 179.767, 0.000, 4.770, 4.858
85.000, 17.278, 0.000, 179.762, 0.000, 4.790, 4.867
85.200, 17.255, 0.000, 179.758, 0.000, 4.807, 4.877
85.400, 17.232, 0.000, 179.754, 0.000, 4.822, 4.886
85.600, 17.208, 0.000, 179.750, 0.000, 4.833, 4.896
85.800, 17.184, 0.000, 179.746, 0.000, 4.842, 4.906
86.000, 17.160, 0.000, 179.742, 0.000, 4.847, 4.916
86.200, 17.136, 0.000, 179.738, 0.000, 4.849, 4.926
86.400, 17.112, 0.000, 179.733, 0.000, 4.848, 4.936
86.600, 17.088, 0.000, 179.727, 0.000, 4.844, 4.946
86.800, 17.064, 0.000, 179.721, 0.000, 4.837, 4.955
87.000, 17.041, 0.000, 179.713, 0.000, 4.827, 4.965
87.200, 17.019, 0.000, 179.704, 0.000, 4.814, 4.975
87.400, 16.997, 0.000, 179.694, 0.000, 4.798, 4.984
87.600, 16.976, 0.000, 179.682, 0.000, 4.779, 4.993
87.800, 16.955, 0.000, 179.668, 0.000, 4.757, 5.001
88.000, 16.936, 0.000, 179.653, 0.000, 4.733, 5.010
88.200, 16.917, 0.000, 179.635, 0.000, 4.706, 5.018
88.400, 16.899, 0.000, 179.616, 0.000, 4.677, 5.025
88.600, 16.883, 0.000, 179.594, 0.000, 4.645, 5.032
88.800, 16.868, 0.000, 179.570, 0.000, 4.612, 5.039
89.000, 16.854, 0.000, 179.544, 0.000, 4.576, 5.045
89.200, 16.841, 0.000, 179.515, 0.000, 4.538, 5.051
89.400, 16.830, 0.000, 179.483, 0.000, 4.499, 5.055
89.600, 16.820, 0.000, 179.449, 0.000, 4.459, 5.060
89.800, 16.811, 0.000, 179.413, 0.000, 4.417, 5.064
90.000, 16.804, 0.000, 179.373, 0.000, 4.374, 5.067
90.200, 16.799, 0.000, 179.331, 0.000, 4.330, 5.069
90.400, 16.795, 0.000, 179.286, 0.000, 4.285, 5.071
90.600, 16.792, 0.000, 179.239, 0.000, 4.240, 5.072
90.800, 16.791, 0.000, 179.189, 0.000, 4.195, 5.072
91.000, 16.792, 0.000, 179.136, 0.000, 4.149, 5.072
91.200, 16.794, 0.000, 179.080, 0.000, 4.103, 5.071
91.400, 16.798, 0.000, 179.022, 0.000, 4.058, 5.070
91.600, 16.803, 0.000, 178.962, 0.000, 4.013, 5.067
91.800, 16.810, 0.000, 178.899, 0.000, 3.969, 5.065
92.000, 16.818, 0.000, 178.833, 0.000, 3.926, 5.061
92.200, 16.828, 0.000, 178.765, 0.000, 3.884, 5.057
92.400, 16.839, 0.000, 178.695, 0.000, 3.843, 5.052
92.600, 16.851, 0.000, 178.623, 0.000, 3.803, 5.047
92.800, 16.865, 0.000, 178.549, 0.000, 3.765, 5.042
93.000, 16.880, 0.000, 178.473, 0.000, 3.729, 5.035
93.200, 16.896, 0.000, 178.395, 0.000, 3.694, 5.029
93.400, 16.912, 0.000, 178.315, 0.000, 3.662, 5.021
93.600, 16.930, 0.000, 178.234, 0.000, 3.631, 5.014
93.800, 16.949, 0.000, 178.152, 0.000, 3.604, 5.006
94.000, 16.969, 0.000, 178.068, 0.000, 3.578, 4.998
94.200, 16.989, 0.000, 177.984, 0.000, 3.555, 4.989
94.400, 17.010, 0.000, 177.898, 0.000, 3.535, 4.980
94.600, 17.032, 0.000, 177.812, 0.000, 3.517, 4.971
94.800, 17.054, 0.000, 177.725, 0.000, 3.502, 4.962
95.000, 17.076, 0.000, 177.638, 0.000, 3.490, 4.953
95.200, 17.099, 0.000, 177.551, 0.000, 3.481, 4.943
95.400, 17.121, 0.000, 177.464, 0.000, 3.475, 4.934
95.600, 17.144, 0.000, 177.377, 0.000, 3.471, 4.924
95.800, 17.167, 0.000, 177.290, 0.000, 3.471, 4.915
96.000, 17.189, 0.000, 177.204, 0.000, 3.473, 4.906
96.200, 17.212, 0.000, 177.118, 0.000, 3.479, 4.897
96.400, 17.234, 0.000, 177.033, 0.000, 3.487, 4.888
96.600, 17.255, 0.000, 176.950, 0.000, 3.498, 4.879
96.800, 17.276, 0.000, 176.867, 0.000, 3.512, 4.870
97.000, 17.297, 0.000, 176.786, 0.000, 3.529, 4.862
97.200, 17.316, 0.000, 176.706, 0.000, 3.548, 4.854
97.400, 17.335, 0.000, 176.628, 0.000, 3.570, 4.846
97.600, 17.353, 0.000, 176.552, 0.000, 3.594, 4.839
97.800, 17.370, 0.000, 176.478, 0.000, 3.621, 4.832
98.000, 17.386, 0.000, 176.405, 0.000, 3.650, 4.825
98.200, 17.401, 0.000, 176.335, 0.000, 3.681, 4.819
98.400, 17.415, 0.000, 176.267, 0.000, 3.713, 4.814
98.600, 17.427, 0.000, 176.202, 0.000, 3.748, 4.809
98.800, 17.439, 0.000, 176.138, 0.000, 3.784, 4.804
99.000, 17.449, 0.000, 176.078, 0.000, 3.822, 4.800
99.200, 17.457, 0.000, 176.019, 0.000, 3.861, 4.797
99.400, 17.465, 0.000, 175.964, 0.000, 3.901, 4.794
99.600, 17.470, 0.000, 175.911, 0.000, 3.942, 4.791
99.800, 17.475, 0.000, 175.860, 0.000, 3.984, 4.789
100.000, 17.478, 0.000, 175.813, 0.000, 4.027, 4.788
100.200, 17.479, 0.000, 175.768, 0.000, 4.070, 4.787
100.400, 17.479, 0.000, 175.725, 0.000, 4.113, 4.787
100.600, 17.478, 0.000, 175.685, 0.000, 4.156, 4.788
100.800, 17.475, 0.000, 175.648, 0.000, 4.199, 4.789
101.000, 17.470, 0.000, 175.613, 0.000, 4.241, 4.791
101.200, 17.465, 0.000, 175.581, 0.000, 4.283, 4.793
101.400, 17.457, 0.000, 175.551, 0.000, 4.324, 4.796
101.600, 17.449, 0.000, 175.524, 0.000, 4.365, 4.799
101.800, 17.439, 0.000, 175.499, 0.000, 4.404, 4.803
102.000, 17.428, 0.000, 175.475, 0.000, 4.442, 4.807
102.200, 17.416, 0.000, 175.454, 0.000, 4.479, 4.812
102.400, 17.402, 0.000, 175.435, 0.000, 4.514, 4.817
102.600, 17.388, 0.000, 175.417, 0.000, 4.547, 4.823
102.800, 17.372, 0.000, 175.401, 0.000, 4.578, 4.830
103.000, 17.356, 0.000, 175.387, 0.000, 4.608, 4.836
103.200, 17.338, 0.000, 175.374, 0.000, 4.635, 4.843
103.400, 17.320, 0.000, 175.362, 0.000, 4.660, 4.850
103.600, 17.301, 0.000, 175.351, 0.000, 4.683, 4.858
103.800, 17.282, 0.000, 175.340, 0.000, 4.703, 4.866
104.000, 17.262, 0.000, 175.331, 0.000, 4.721, 4.874
104.200, 17.241, 0.000, 175.322, 0.000, 4.736, 4.883
104.400, 17.220, 0.000, 175.313, 0.000, 4.749, 4.891
104.600, 17.199, 0.000, 175.305, 0.000, 4.759, 4.900
104.800, 17.177, 0.000, 175.296, 0.000, 4.766, 4.909
105.000, 17.156, 0.000, 175.288, 0.000, 4.770, 4.917
105.200, 17.134, 0.000, 175.279, 0.000, 4.772, 4.926
105.400, 17.113, 0.000, 175.269, 0.000, 4.771, 4.935
105.600, 17.092, 0.000, 175.259, 0.000, 4.767, 4.944
105.800, 17.071, 0.000, 175.248, 0.000, 4.760, 4.953
106.000, 17.050, 0.000, 175.236, 0.000, 4.751, 4.961
106.200, 17.030, 0.000, 175.223, 0.000, 4.739, 4.970
106.400, 17.011, 0.000, 175.208, 0.000, 4.724, 4.978
106.600, 16.992, 0.000, 175.192, 0.000, 4.707, 4.986
106.800, 16.974, 0.000, 175.175, 0.000, 4.688, 4.994
107.000, 16.956, 0.000, 175.156, 0.000, 4.666, 5.001
107.200, 16.940, 0.000, 175.135, 0.000, 4.642, 5.008
107.400, 16.924, 0.000, 175.113, 0.000, 4.615, 5.015
107.600, 16.910, 0.000, 175.088, 0.000, 4.587, 5.021
107.800, 16.896, 0.000, 175.061, 0.000, 4.557, 5.027
108.000, 16.884, 0.000, 175.032, 0.000, 4.525, 5.032
108.200, 16.873, 0.000, 175.001, 0.000, 4.491, 5.037
108.400, 16.863, 0.000, 174.968, 0.000, 4.456, 5.041
108.600, 16.854, 0.000, 174.932, 0.000, 4.420, 5.045
108.800, 16.847, 0.000, 174.894, 0.000, 4.382, 5.048
109.000, 16.841, 0.000, 174.854, 0.000, 4.344, 5.051
109.200, 16.836, 0.000, 174.811, 0.000, 4.305, 5.053
109.400, 16.833, 0.000, 174.766, 0.000, 4.265, 5.055
109.600, 16.831, 0.000, 174.718, 0.000, 4.225, 5.055
109.800, 16.830, 0.000, 174.668, 0.000, 4.184, 5.056
110.000, 16.831, 0.000, 174.616, 0.000, 4.143, 5.056
110.200, 16.833, 0.000, 174.561, 0.000, 4.103, 5.055
110.400, 16.836, 0.000, 174.504, 0.000, 4.062, 5.053
110.600, 16.841, 0.000, 174.444, 0.000, 4.023, 5.051
110.800, 16.847, 0.000, 174.383, 0.000, 3.983, 5.049
111.000, 16.855, 0.000, 174.319, 0.000, 3.945, 5.046
111.200, 16.864, 0.000, 174.253, 0.000, 3.907, 5.042
111.400, 16.874, 0.000, 174.185, 0.000, 3.871, 5.038
111.600, 16.885, 0.000, 174.116, 0.000, 3.836, 5.033
111.800, 16.897, 0.000, 174.044, 0.000, 3.802, 5.028
112.000, 16.910, 0.000, 173.971, 0.000, 3.770, 5.022
112.200, 16.924, 0.000, 173.896, 0.000, 3.739, 5.016
112.400, 16.940, 0.000, 173.820, 0.000, 3.711, 5.010
112.600, 16.956, 0.000, 173.742, 0.000, 3.684, 5.003
112.800, 16.972, 0.000, 173.664, 0.000, 3.659, 4.996
113.000, 16.990, 0.000, 173.584, 0.000, 3.637, 4.989
113.200, 17.008, 0.000, 173.504, 0.000, 3.617, 4.981
113.400, 17.027, 0.000, 173.422, 0.000, 3.599, 4.973
113.600, 17.046, 0.000, 173.340, 0.000, 3.583, 4.965
113.800, 17.066, 0.000, 173.258, 0.000, 3.570, 4.957
114.000, 17.086, 0.000, 173.175, 0.000, 3.560, 4.949
114.200, 17.106, 0.000, 173.092, 0.000, 3.552, 4.940
114.400, 17.126, 0.000, 173.009, 0.000, 3.547, 4.932
114.600, 17.146, 0.000, 172.927, 0.000, 3.544, 4.923
114.800, 17.167, 0.000, 172.844, 0.000, 3.544, 4.915
115.000, 17.187, 0.000, 172.762, 0.000, 3.546, 4.907
115.200, 17.207, 0.000, 172.681, 0.000, 3.551, 4.899
115.400, 17.226, 0.000, 172.601, 0.000, 3.559, 4.890
115.600, 17.245, 0.000, 172.521, 0.000, 3.569, 4.883
115.800, 17.264, 0.000, 172.443, 0.000, 3.582, 4.875
116.000, 17.282, 0.000, 172.365, 0.000, 3.597, 4.868
116.200, 17.300, 0.000, 172.290, 0.000, 3.615, 4.860
116.400, 17.316, 0.000, 172.215, 0.000, 3.634, 4.854
116.600, 17.332, 0.000, 172.142, 0.000, 3.656, 4.847
116.800, 17.347, 0.000, 172.071, 0.000, 3.680, 4.841
117.000, 17.362, 0.000, 172.002, 0.000, 3.706, 4.835
117.200, 17.375, 0.000, 171.934, 0.000, 3.734, 4.830
117.400, 17.387, 0.000, 171.869, 0.000, 3.763, 4.825
117.600, 17.398, 0.000, 171.806, 0.000, 3.794, 4.820
117.800, 17.408, 0.000, 171.745, 0.000, 3.827, 4.816
118.000, 17.417, 0.000, 171.686, 0.000, 3.861, 4.813
118.200, 17.424, 0.000, 171.629, 0.000, 3.895, 4.810
118.400, 17.430, 0.000, 171.574, 0.000, 3.931, 4.807
118.600, 17.435, 0.000, 171.522, 0.000, 3.968, 4.805
118.800, 17.439, 0.000, 171.473, 0.000, 4.005, 4.804
119.000, 17.442, 0.000, 171.425, 0.000, 4.043, 4.802
119.200, 17.443, 0.000, 171.380, 0.000, 4.082, 4.802
119.400, 17.443, 0.000, 171.338, 0.000, 4.120, 4.802
119.600, 17.441, 0.000, 171.297, 0.000, 4.158, 4.802
119.800, 17.439, 0.000, 171.259, 0.000, 4.196, 4.803
120.000, 17.434, 0.000, 171.224, 0.000, 4.234, 4.805
120.200, 17.429, 0.000, 171.190, 0.000, 4.272, 4.807
120.400, 17.423, 0.000, 171.159, 0.000, 4.308, 4.810
120.600, 17.415, 0.000, 171.129, 0.000, 4.344, 4.813
120.800, 17.406, 0.000, 171.102, 0.000, 4.379, 4.816
121.000, 17.396, 0.000, 171.076, 0.000, 4.413, 4.820
121.200, 17.385, 0.000, 171.052, 0.000, 4.445, 4.825
121.400, 17.373, 0.000, 171.030, 0.000, 4.476, 4.829
121.600, 17.360, 0.000, 171.009, 0.000, 4.506, 4.835
121.800, 17.346, 0.000, 170.990, 0.000, 4.534, 4.840
122.000, 17.331, 0.000, 170.972, 0.000, 4.560, 4.846
122.200, 17.316, 0.000, 170.956, 0.000, 4.584, 4.852
122.400, 17.299, 0.000, 170.940, 0.000, 4.606, 4.859
122.600, 17.282, 0.000, 170.925, 0.000, 4.626, 4.866
122.800, 17.265, 0.000, 170.911, 0.000, 4.644, 4.873
123.000, 17.247, 0.000, 170.897, 0.000, 4.660, 4.880
123.200, 17.228, 0.000, 170.884, 0.000, 4.673, 4.888
123.400, 17.210, 0.000, 170.872, 0.000, 4.684, 4.895
123.600, 17.191, 0.000, 170.859, 0.000, 4.692, 4.903
123.800, 17.172, 0.000, 170.846, 0.000, 4.698, 4.911
124.000, 17.153, 0.000, 170.833, 0.000, 4.702, 4.919
124.200, 17.133, 0.000, 170.820, 0.000, 4.703, 4.927
124.400, 17.114, 0.000, 170.807, 0.000, 4.702, 4.935
124.600, 17.096, 0.000, 170.792, 0.000, 4.698, 4.943
124.800, 17.077, 0.000, 170.777, 0.000, 4.692, 4.950
125.000, 17.059, 0.000, 170.761, 0.000, 4.683, 4.958
125.200, 17.041, 0.000, 170.744, 0.000, 4.672, 4.966
125.400, 17.024, 0.000, 170.726, 0.000, 4.659, 4.973
125.600, 17.007, 0.000, 170.707, 0.000, 4.644, 4.980
125.800, 16.991, 0.000, 170.686, 0.000, 4.626, 4.987
126.000, 16.975, 0.000, 170.664, 0.000, 4.606, 4.993
126.200, 16.961, 0.000, 170.640, 0.000, 4.584, 4.999
126.400, 16.947, 0.000, 170.615, 0.000, 4.561, 5.005
126.600, 16.934, 0.000, 170.588, 0.000, 4.535, 5.011
126.800, 16.922, 0.000, 170.559, 0.000, 4.508, 5.016
127.000, 16.911, 0.000, 170.528, 0.000, 4.480, 5.021
127.200, 16.901, 0.000, 170.495, 0.000, 4.450, 5.025
127.400, 16.893, 0.000, 170.460, 0.000, 4.418, 5.029
127.600, 16.885, 0.000, 170.423, 0.000, 4.386, 5.032
127.800, 16.879, 0.000, 170.383, 0.000, 4.352, 5.035
128.000, 16.873, 0.000, 170.342, 0.000, 4.318, 5.037
128.200, 16.869, 0.000, 170.298, 0.000, 4.283, 5.039
128.400, 16.866, 0.000, 170.253, 0.000, 4.247, 5.040
128.600, 16.865, 0.000, 170.205, 0.000, 4.211, 5.041
128.800, 16.864, 0.000, 170.155, 0.000, 4.175, 5.041
129.000, 16.865, 0.000, 170.103, 0.000, 4.139, 5.041
129.200, 16.867, 0.000, 170.049, 0.000, 4.103, 5.040
129.400, 16.870, 0.000, 169.993, 0.000, 4.067, 5.039
129.600, 16.875, 0.000, 169.934, 0.000, 4.031, 5.037
129.800, 16.880, 0.000, 169.874, 0.000, 3.996, 5.034
130.000, 16.887, 0.000, 169.812, 0.000, 3.962, 5.032
130.200, 16.895, 0.000, 169.748, 0.000, 3.929, 5.028
130.400, 16.904, 0.000, 169.682, 0.000, 3.897, 5.025
130.600, 16.914, 0.000, 169.615, 0.000, 3.865, 5.020
130.800, 16.925, 0.000, 169.546, 0.000, 3.835, 5.016
131.000, 16.937, 0.000, 169.475, 0.000, 3.807, 5.011
131.200, 16.950, 0.000, 169.403, 0.000, 3.780, 5.005
131.400, 16.963, 0.000, 169.330, 0.000, 3.755, 5.000
131.600, 16.978, 0.000, 169.256, 0.000, 3.731, 4.994
131.800, 16.993, 0.000, 169.181, 0.000, 3.709, 4.987
132.000, 17.009, 0.000, 169.104, 0.000, 3.689, 4.981
132.200, 17.025, 0.000, 169.027, 0.000, 3.672, 4.974
132.400, 17.042, 0.000, 168.950, 0.000, 3.656, 4.967
132.600, 17.059, 0.000, 168.871, 0.000, 3.642, 4.960
132.800, 17.076, 0.000, 168.793, 0.000, 3.631, 4.952
133.000, 17.094, 0.000, 168.714, 0.000, 3.622, 4.945
133.200, 17.112, 0.000, 168.635, 0.000, 3.615, 4.937
133.400, 17.130, 0.000, 168.556, 0.000, 3.611, 4.930
133.600, 17.148, 0.000, 168.477, 0.000, 3.609, 4.922
133.800, 17.166, 0.000, 168.399, 0.000, 3.609, 4.915
134.000, 17.184, 0.000, 168.321, 0.000, 3.611, 4.908
134.200, 17.202, 0.000, 168.243, 0.000, 3.616, 4.900
134.400, 17.219, 0.000, 168.167, 0.000, 3.623, 4.893
134.600, 17.236, 0.000, 168.091, 0.000, 3.633, 4.886
134.800, 17.253, 0.000, 168.016, 0.000, 3.644, 4.879
135.000, 17.269, 0.000, 167.942, 0.000, 3.658, 4.873
135.200, 17.284, 0.000, 167.870, 0.000, 3.674, 4.866
135.400, 17.299, 0.000, 167.798, 0.000, 3.692, 4.860
135.600, 17.313, 0.000, 167.728, 0.000, 3.711, 4.855
135.800, 17.327, 0.000, 167.660, 0.000, 3.733, 4.849
136.000, 17.339, 0.000, 167.594, 0.000, 3.756, 4.844
136.200, 17.351, 0.000, 167.529, 0.000, 3.781, 4.839
136.400, 17.362, 0.000, 167.465, 0.000, 3.807, 4.835
136.600, 17.371, 0.000, 167.404, 0.000, 3.835, 4.831
136.800, 17.380, 0.000, 167.345, 0.000, 3.864, 4.827
137.000, 17.388, 0.000, 167.287, 0.000, 3.894, 4.824
137.200, 17.394, 0.000, 167.232, 0.000, 3.926, 4.822
137.400, 17.400, 0.000, 167.179, 0.000, 3.958, 4.819
137.600, 17.404, 0.000, 167.127, 0.000, 3.990, 4.818
137.800, 17.408, 0.000, 167.078, 0.000, 4.024, 4.816
138.000, 17.410, 0.000, 167.031, 0.000, 4.058, 4.815
138.200, 17.411, 0.000, 166.986, 0.000, 4.092, 4.815
138.400, 17.410, 0.000, 166.943, 0.000, 4.126, 4.815
138.600, 17.409, 0.000, 166.903, 0.000, 4.160, 4.815
138.800, 17.406, 0.000, 166.864, 0.000, 4.194, 4.816
139.000, 17.403, 0.000, 166.827, 0.000, 4.228, 4.818
139.200, 17.398, 0.000, 166.792, 0.000, 4.261, 4.820
139.400, 17.392, 0.000, 166.759, 0.000, 4.294, 4.822
139.600, 17.385, 0.000, 166.728, 0.000, 4.326, 4.825
139.800, 17.377, 0.000, 166.699, 0.000, 4.357, 4.828
140.000, 17.368, 0.000, 166.671, 0.000, 4.386, 4.832
140.200, 17.358, 0.000, 166.645, 0.000, 4.415, 4.836
140.400, 17.347, 0.000, 166.620, 0.000, 4.443, 4.840
140.600, 17.335, 0.000, 166.597, 0.000, 4.469, 4.845
140.800, 17.323, 0.000, 166.575, 0.000, 4.494, 4.850
141.000, 17.309, 0.000, 166.554, 0.000, 4.517, 4.855
141.200, 17.295, 0.000, 166.534, 0.000, 4.538, 4.861
141.400, 17.281, 0.000, 166.515, 0.000, 4.557, 4.867
141.600, 17.266, 0.000, 166.497, 0.000, 4.575, 4.873
141.800, 17.250, 0.000, 166.479, 0.000, 4.591, 4.879
142.000, 17.234, 0.000, 166.462, 0.000, 4.604, 4.886
142.200, 17.218, 0.000, 166.445, 0.000, 4.616, 4.892
142.400, 17.201, 0.000, 166.429, 0.000, 4.626, 4.899
142.600, 17.184, 0.000, 166.412, 0.000, 4.633, 4.906
142.800, 17.167, 0.000, 166.396, 0.000, 4.638, 4.913
143.000, 17.150, 0.000, 166.379, 0.000, 4.641, 4.920
143.200, 17.133, 0.000, 166.362, 0.000, 4.642, 4.927
143.400, 17.116, 0.000, 166.345, 0.000, 4.641, 4.934
143.600, 17.099, 0.000, 166.327, 0.000, 4.637, 4.941
143.800, 17.083, 0.000, 166.309, 0.000, 4.631, 4.948
144.000, 17.066, 0.000, 166.289, 0.000, 4.623, 4.955
144.200, 17.050, 0.000, 166.269, 0.000, 4.613, 4.962
144.400, 17.035, 0.000, 166.248, 0.000, 4.601, 4.968
144.600, 17.020, 0.000, 166.225, 0.000, 4.587, 4.974
144.800, 17.006, 0.000, 166.202, 0.000, 4.571, 4.980
145.000, 16.992, 0.000, 166.177, 0.000, 4.553, 4.986
145.200, 16.979, 0.000, 166.150, 0.000, 4.534, 4.992
145.400, 16.967, 0.000, 166.122, 0.000, 4.513, 4.997
145.600, 16.956, 0.000, 166.093, 0.000, 4.490, 5.002
145.800, 16.945, 0.000, 166.062, 0.000, 4.465, 5.006
146.000, 16.936, 0.000, 166.029, 0.000, 4.440, 5.010
146.200, 16.927, 0.000, 165.994, 0.000, 4.413, 5.014
146.400, 16.919, 0.000, 165.957, 0.000, 4.385, 5.017
146.600, 16.913, 0.000, 165.919, 0.000, 4.356, 5.020
146.800, 16.907, 0.000, 165.879, 0.000, 4.326, 5.023
147.000, 16.902, 0.000, 165.837, 0.000, 4.295, 5.025
147.200, 16.899, 0.000, 165.793, 0.000, 4.264, 5.026
147.400, 16.896, 0.000, 165.747, 0.000, 4.232, 5.027
147.600, 16.895, 0.000, 165.699, 0.000, 4.200, 5.028
147.800, 16.895, 0.000, 165.649, 0.000, 4.168, 5.028
148.000, 16.896, 0.000, 165.597, 0.000, 4.135, 5.028
148.200, 16.898, 0.000, 165.544, 0.000, 4.103, 5.027
148.400, 16.901, 0.000, 165.488, 0.000, 4.071, 5.026
148.600, 16.905, 0.000, 165.431, 0.000, 4.040, 5.024
148.800, 16.910, 0.000, 165.372, 0.000, 4.009, 5.022
149.000, 16.916, 0.000, 165.311, 0.000, 3.978, 5.019
149.200, 16.923, 0.000, 165.249, 0.000, 3.949, 5.016
149.400, 16.931, 0.000, 165.185, 0.000, 3.920, 5.013
149.600, 16.940, 0.000, 165.120, 0.000, 3.892, 5.009
149.800, 16.950, 0.000, 165.053, 0.000, 3.866, 5.005
150.000, 16.961, 0.000, 164.985, 0.000, 3.840, 5.001
150.200, 16.972, 0.000, 164.916, 0.000, 3.816, 4.996
150.400, 16.985, 0.000, 164.845, 0.000, 3.794, 4.991
150.600, 16.998, 0.000, 164.774, 0.000, 3.773, 4.985
150.800, 17.011, 0.000, 164.701, 0.000, 3.754, 4.980
151.000, 17.025, 0.000, 164.628, 0.000, 3.737, 4.974
151.200, 17.040, 0.000, 164.554, 0.000, 3.721, 4.968
151.400, 17.055, 0.000, 164.480, 0.000, 3.707, 4.961
151.600, 17.070, 0.000, 164.405, 0.000, 3.695, 4.955
151.800, 17.086, 0.000, 164.330, 0.000, 3.685, 4.948
152.000, 17.102, 0.000, 164.254, 0.000, 3.678, 4.942
152.200, 17.118, 0.000, 164.179, 0.000, 3.672, 4.935
152.400, 17.134, 0.000, 164.103, 0.000, 3.668, 4.928
152.600, 17.150, 0.000, 164.028, 0.000, 3.666, 4.922
152.800, 17.166, 0.000, 163.953, 0.000, 3.667, 4.915
153.000, 17.182, 0.000, 163.879, 0.000, 3.669, 4.909
153.200, 17.198, 0.000, 163.805, 0.000, 3.674, 4.902
153.400, 17.213, 0.000, 163.731, 0.000, 3.680, 4.896
153.600, 17.228, 0.000, 163.659, 0.000, 3.689, 4.889
153.800, 17.243, 0.000, 163.587, 0.000, 3.699, 4.883
154.000, 17.257, 0.000, 163.516, 0.000, 3.712, 4.878
154.200, 17.271, 0.000, 163.447, 0.000, 3.726, 4.872
154.400, 17.284, 0.000, 163.378, 0.000, 3.742, 4.867
154.600, 17.297, 0.000, 163.311, 0.000, 3.760, 4.861
154.800, 17.308, 0.000, 163.245, 0.000, 3.779, 4.857
155.000, 17.319, 0.000, 163.181, 0.000, 3.800, 4.852
155.200, 17.330, 0.000, 163.118, 0.000, 3.823, 4.848
155.400, 17.339, 0.000, 163.057, 0.000, 3.846, 4.844
155.600, 17.348, 0.000, 162.998, 0.000, 3.871, 4.840
155.800, 17.355, 0.000, 162.940, 0.000, 3.897, 4.837
156.000, 17.362, 0.000, 162.884, 0.000, 3.924, 4.835
156.200, 17.368, 0.000, 162.830, 0.000, 3.952, 4.832
156.400, 17.373, 0.000, 162.777, 0.000, 3.981, 4.830
156.600, 17.377, 0.000, 162.727, 0.000, 4.010, 4.829
156.800, 17.379, 0.000, 162.678, 0.000, 4.040, 4.828
157.000, 17.381, 0.000, 162.631, 0.000, 4.070, 4.827
157.200, 17.382, 0.000, 162.586, 0.000, 4.100, 4.826
157.400, 17.381, 0.000, 162.543, 0.000, 4.131, 4.827
157.600, 17.380, 0.000, 162.502, 0.000, 4.161, 4.827
157.800, 17.378, 0.000, 162.462, 0.000, 4.192, 4.828
158.000, 17.374, 0.000, 162.425, 0.000, 4.222, 4.829
158.200, 17.370, 0.000, 162.389, 0.000, 4.251, 4.831
158.400, 17.364, 0.000, 162.355, 0.000, 4.280, 4.833
158.600, 17.358, 0.000, 162.322, 0.000, 4.309, 4.836
158.800, 17.351, 0.000, 162.291, 0.000, 4.336, 4.839
159.000, 17.343, 0.000, 162.261, 0.000, 4.363, 4.842
159.200, 17.334, 0.000, 162.233, 0.000, 4.388, 4.845
159.400, 17.324, 0.000, 162.206, 0.000, 4.413, 4.849
159.600, 17.313, 0.000, 162.180, 0.000, 4.436, 4.854
159.800, 17.302, 0.000, 162.155, 0.000, 4.458, 4.858
160.000, 17.290, 0.000, 162.132, 0.000, 4.478, 4.863
160.200, 17.278, 0.000, 162.109, 0.000, 4.497, 4.868
160.400, 17.265, 0.000, 162.087, 0.000, 4.514, 4.873
160.600, 17.251, 0.000, 162.065, 0.000, 4.529, 4.879
160.800, 17.237, 0.000, 162.045, 0.000, 4.543, 4.884
161.000, 17.223, 0.000, 162.024, 0.000, 4.555, 4.890
161.200, 17.208, 0.000, 162.004, 0.000, 4.565, 4.896
161.400, 17.193, 0.000, 161.985, 0.000, 4.574, 4.902
161.600, 17.178, 0.000, 161.965, 0.000, 4.580, 4.909
161.800, 17.163, 0.000, 161.945, 0.000, 4.584, 4.915
162.000, 17.148, 0.000, 161.925, 0.000, 4.587, 4.921
162.200, 17.132, 0.000, 161.905, 0.000, 4.587, 4.928
162.400, 17.117, 0.000, 161.884, 0.000, 4.586, 4.934
162.600, 17.102, 0.000, 161.863, 0.000, 4.582, 4.940
162.800, 17.088, 0.000, 161.842, 0.000, 4.577, 4.946
163.000, 17.073, 0.000, 161.819, 0.000, 4.570, 4.952
163.200, 17.059, 0.000, 161.796, 0.000, 4.561, 4.958
163.400, 17.046, 0.000, 161.772, 0.000, 4.550, 4.964
163.600, 17.032, 0.000, 161.747, 0.000, 4.537, 4.969
163.800, 17.020, 0.000, 161.720, 0.000, 4.523, 4.975
164.000, 17.008, 0.000, 161.693, 0.000, 4.507, 4.980
164.200, 16.996, 0.000, 161.664, 0.000, 4.489, 4.985
164.400, 16.985, 0.000, 161.634, 0.000, 4.470, 4.989
164.600, 16.975, 0.000, 161.602, 0.000, 4.449, 4.993
164.800, 16.966, 0.000, 161.569, 0.000, 4.427, 4.997
165.000, 16.958, 0.000, 161.535, 0.000, 4.404, 5.001
165.200, 16.950, 0.000, 161.499, 0.000, 4.380, 5.004
165.400, 16.943, 0.000, 161.461, 0.000, 4.355, 5.007
165.600, 16.937, 0.000, 161.421, 0.000, 4.329, 5.010
165.800, 16.932, 0.000, 161.380, 0.000, 4.302, 5.012
166.000, 16.928, 0.000, 161.337, 0.000, 4.275, 5.014
166.200, 16.925, 0.000, 161.293, 0.000, 4.247, 5.015
166.400, 16.923, 0.000, 161.247, 0.000, 4.219, 5.016
166.600, 16.922, 0.000, 161.199, 0.000, 4.190, 5.016
166.800, 16.922, 0.000, 161.149, 0.000, 4.161, 5.016
167.000, 16.923, 0.000, 161.098, 0.000, 4.133, 5.016
167.200, 16.925, 0.000, 161.045, 0.000, 4.104, 5.015
167.400, 16.928, 0.000, 160.990, 0.000, 4.076, 5.014
167.600, 16.931, 0.000, 160.934, 0.000, 4.047, 5.013
167.800, 16.936, 0.000, 160.876, 0.000, 4.020, 5.011
168.000, 16.942, 0.000, 160.816, 0.000, 3.993, 5.008
168.200, 16.948, 0.000, 160.756, 0.000, 3.966, 5.006
168.400, 16.955, 0.000, 160.693, 0.000, 3.941, 5.003
168.600, 16.964, 0.000, 160.630, 0.000, 3.916, 4.999
168.800, 16.972, 0.000, 160.565, 0.000, 3.893, 4.996
169.000, 16.982, 0.000, 160.499, 0.000, 3.870, 4.992
169.200, 16.992, 0.000, 160.432, 0.000, 3.849, 4.987
169.400, 17.003, 0.000, 160.364, 0.000, 3.830, 4.983
169.600, 17.015, 0.000, 160.295, 0.000, 3.811, 4.978
169.800, 17.027, 0.000, 160.226, 0.000, 3.794, 4.973
170.000, 17.040, 0.000, 160.155, 0.000, 3.779, 4.967
170.200, 17.053, 0.000, 160.084, 0.000, 3.765, 4.962
170.400, 17.066, 0.000, 160.013, 0.000, 3.753, 4.956
170.600, 17.080, 0.000, 159.941, 0.000, 3.743, 4.951
170.800, 17.094, 0.000, 159.869, 0.000, 3.734, 4.945
171.000, 17.108, 0.000, 159.796, 0.000, 3.727, 4.939
171.200, 17.122, 0.000, 159.724, 0.000, 3.722, 4.933
171.400, 17.137, 0.000, 159.652, 0.000, 3.719, 4.927
171.600, 17.151, 0.000, 159.579, 0.000, 3.718, 4.921
171.800, 17.165, 0.000, 159.508, 0.000, 3.718, 4.915
172.000, 17.179, 0.000, 159.436, 0.000, 3.721, 4.909
172.200, 17.193, 0.000, 159.365, 0.000, 3.725, 4.904
172.400, 17.207, 0.000, 159.295, 0.000, 3.731, 4.898
172.600, 17.221, 0.000, 159.225, 0.000, 3.739, 4.892
172.800, 17.234, 0.000, 159.156, 0.000, 3.749, 4.887
173.000, 17.246, 0.000, 159.088, 0.000, 3.760, 4.882
173.200, 17.259, 0.000, 159.021, 0.000, 3.773, 4.877
173.400, 17.270, 0.000, 158.955, 0.000, 3.787, 4.872
173.600, 17.281, 0.000, 158.890, 0.000, 3.803, 4.868
173.800, 17.292, 0.000, 158.827, 0.000, 3.821, 4.863
174.000, 17.302, 0.000, 158.765, 0.000, 3.839, 4.859
174.200, 17.311, 0.000, 158.704, 0.000, 3.859, 4.856
174.400, 17.319, 0.000, 158.644, 0.000, 3.881, 4.852
174.600, 17.327, 0.000, 158.586, 0.000, 3.903, 4.849
174.800, 17.333, 0.000, 158.530, 0.000, 3.926, 4.846
175.000, 17.339, 0.000, 158.475, 0.000, 3.950, 4.844
175.200, 17.344, 0.000, 158.422, 0.000, 3.975, 4.842
175.400, 17.348, 0.000, 158.370, 0.000, 4.001, 4.840
175.600, 17.352, 0.000, 158.320, 0.000, 4.027, 4.839
175.800, 17.354, 0.000, 158.272, 0.000, 4.054, 4.838
176.000, 17.355, 0.000, 158.226, 0.000, 4.081, 4.837
176.200, 17.356, 0.000, 158.181, 0.000, 4.108, 4.837
176.400, 17.356, 0.000, 158.137, 0.000, 4.135, 4.837
176.600, 17.354, 0.000, 158.096, 0.000, 4.162, 4.837
176.800, 17.352, 0.000, 158.056, 0.000, 4.189, 4.838
177.000, 17.349, 0.000, 158.017, 0.000, 4.216, 4.840
177.200, 17.345, 0.000, 157.980, 0.000, 4.242, 4.841
177.400, 17.340, 0.000, 157.945, 0.000, 4.268, 4.843
177.600, 17.334, 0.000, 157.910, 0.000, 4.293, 4.845
177.800, 17.328, 0.000, 157.878, 0.000, 4.317, 4.848
178.000, 17.320, 0.000, 157.846, 0.000, 4.341, 4.851
178.200, 17.312, 0.000, 157.816, 0.000, 4.364, 4.854
178.400, 17.303, 0.000, 157.787, 0.000, 4.385, 4.858
178.600, 17.294, 0.000, 157.759, 0.000, 4.406, 4.861
178.800, 17.284, 0.000, 157.732, 0.000, 4.425, 4.866
179.000, 17.273, 0.000, 157.706, 0.000, 4.443, 4.870
179.200, 17.262, 0.000, 157.681, 0.000, 4.460, 4.874
179.400, 17.250, 0.000, 157.656, 0.000, 4.475, 4.879
179.600, 17.238, 0.000, 157.632, 0.000, 4.489, 4.884
179.800, 17.226, 0.000, 157.608, 0.000, 4.501, 4.889
180.000, 17.213, 0.000, 157.585, 0.000, 4.511, 4.894
180.200, 17.200, 0.000, 157.562, 0.000, 4.520, 4.900
180.400, 17.186, 0.000, 157.540, 0.000, 4.527, 4.905
180.600, 17.173, 0.000, 157.517, 0.000, 4.533, 4.911
180.800, 17.159, 0.000, 157.494, 0.000, 4.536, 4.916
181.000, 17.146, 0.000, 157.471, 0.000, 4.538, 4.922
181.200, 17.132, 0.000, 157.448, 0.000, 4.539, 4.928
181.400, 17.119, 0.000, 157.425, 0.000, 4.537, 4.933
181.600, 17.106, 0.000, 157.401, 0.000, 4.534, 4.939
181.800, 17.092, 0.000, 157.376, 0.000, 4.529, 4.944
182.000, 17.080, 0.000, 157.351, 0.000, 4.522, 4.950
182.200, 17.067, 0.000, 157.325, 0.000, 4.514, 4.955
182.400, 17.055, 0.000, 157.299, 0.000, 4.504, 4.960
182.600, 17.043, 0.000, 157.271, 0.000, 4.492, 4.965
182.800, 17.032, 0.000, 157.242, 0.000, 4.479, 4.970
183.000, 17.021, 0.000, 157.213, 0.000, 4.465, 4.974
183.200, 17.011, 0.000, 157.182, 0.000, 4.449, 4.978
183.400, 17.002, 0.000, 157.150, 0.000, 4.432, 4.982
183.600, 16.993, 0.000, 157.116, 0.000, 4.414, 4.986
183.800, 16.985, 0.000, 157.082, 0.000, 4.394, 4.990
184.000, 16.977, 0.000, 157.046, 0.000, 4.373, 4.993
184.200, 16.970, 0.000, 157.008, 0.000, 4.352, 4.996
184.400, 16.964, 0.000, 156.969, 0.000, 4.329, 4.998
184.600, 16.959, 0.000, 156.929, 0.000, 4.306, 5.000
184.800, 16.955, 0.000, 156.887, 0.000, 4.282, 5.002
185.000, 16.952, 0.000, 156.843, 0.000, 4.258, 5.004
185.200, 16.949, 0.000, 156.799, 0.000, 4.233, 5.005
185.400, 16.947, 0.000, 156.752, 0.000, 4.207, 5.006
185.600, 16.946, 0.000, 156.704, 0.000, 4.182, 5.006
185.800, 16.946, 0.000, 156.654, 0.000, 4.156, 5.006
186.000, 16.947, 0.000, 156.603, 0.000, 4.131, 5.006
186.200, 16.949, 0.000, 156.551, 0.000, 4.105, 5.005
186.400, 16.952, 0.000, 156.497, 0.000, 4.080, 5.004
186.600, 16.955, 0.000, 156.441, 0.000, 4.055, 5.003
186.800, 16.959, 0.000, 156.385, 0.000, 4.030, 5.001
187.000, 16.964, 0.000, 156.326, 0.000, 4.006, 4.999
187.200, 16.970, 0.000, 156.267, 0.000, 3.983, 4.996
187.400, 16.977, 0.000, 156.206, 0.000, 3.960, 4.994
187.600, 16.984, 0.000, 156.144, 0.000, 3.938, 4.991
187.800, 16.992, 0.000, 156.082, 0.000, 3.917, 4.987
188.000, 17.001, 0.000, 156.018, 0.000, 3.898, 4.984
188.200, 17.010, 0.000, 155.953, 0.000, 3.879, 4.980
188.400, 17.020, 0.000, 155.887, 0.000, 3.861, 4.976
188.600, 17.030, 0.000, 155.820, 0.000, 3.845, 4.971
188.800, 17.041, 0.000, 155.753, 0.000, 3.830, 4.967
189.000, 17.052, 0.000, 155.685, 0.000, 3.817, 4.962
189.200, 17.064, 0.000, 155.617, 0.000, 3.805, 4.957
189.400, 17.076, 0.000, 155.548, 0.000, 3.794, 4.952
189.600, 17.088, 0.000, 155.478, 0.000, 3.785, 4.947
189.800, 17.101, 0.000, 155.409, 0.000, 3.777, 4.942
190.000, 17.113, 0.000, 155.340, 0.000, 3.772, 4.937
190.200, 17.126, 0.000, 155.270, 0.000, 3.767, 4.931
190.400, 17.139, 0.000, 155.200, 0.000, 3.765, 4.926
190.600, 17.152, 0.000, 155.131, 0.000, 3.764, 4.921
190.800, 17.165, 0.000, 155.062, 0.000, 3.764, 4.916
191.000, 17.177, 0.000, 154.993, 0.000, 3.767, 4.910
191.200, 17.190, 0.000, 154.925, 0.000, 3.771, 4.905
191.400, 17.202, 0.000, 154.857, 0.000, 3.776, 4.900
191.600, 17.214, 0.000, 154.790, 0.000, 3.783, 4.895
191.800, 17.225, 0.000, 154.724, 0.000, 3.792, 4.890
192.000, 17.237, 0.000, 154.658, 0.000, 3.802, 4.886
192.200, 17.247, 0.000, 154.593, 0.000, 3.814, 4.881
192.400, 17.258, 0.000, 154.529, 0.000, 3.827, 4.877
192.600, 17.268, 0.000, 154.467, 0.000, 3.842, 4.873
192.800, 17.277, 0.000, 154.405, 0.000, 3.857, 4.869
193.000, 17.286, 0.000, 154.345, 0.000, 3.874, 4.866
193.200, 17.294, 0.000, 154.286, 0.000, 3.892, 4.862
193.400, 17.301, 0.000, 154.228, 0.000, 3.911, 4.859
193.600, 17.308, 0.000, 154.171, 0.000, 3.931, 4.857
193.800, 17.313, 0.000, 154.116, 0.000, 3.952, 4.854
194.000, 17.319, 0.000, 154.062, 0.000, 3.974, 4.852
194.200, 17.323, 0.000, 154.010, 0.000, 3.996, 4.850
194.400, 17.327, 0.000, 153.959, 0.000, 4.019, 4.849
194.600, 17.330, 0.000, 153.910, 0.000, 4.042, 4.848
194.800, 17.332, 0.000, 153.862, 0.000, 4.066, 4.847
195.000, 17.333, 0.000, 153.815, 0.000, 4.090, 4.846
195.200, 17.333, 0.000, 153.770, 0.000, 4.114, 4.846
195.400, 17.333, 0.000, 153.727, 0.000, 4.138, 4.846
195.600, 17.331, 0.000, 153.685, 0.000, 4.162, 4.847
195.800, 17.329, 0.000, 153.644, 0.000, 4.186, 4.848
196.000, 17.326, 0.000, 153.605, 0.000, 4.210, 4.849
196.200, 17.323, 0.000, 153.567, 0.000, 4.234, 4.850
196.400, 17.318, 0.000, 153.530, 0.000, 4.257, 4.852
196.600, 17.313, 0.000, 153.495, 0.000, 4.279, 4.854
196.800, 17.307, 0.000, 153.461, 0.000, 4.301, 4.856
197.000, 17.300, 0.000, 153.428, 0.000, 4.321, 4.859
197.200, 17.293, 0.000, 153.396, 0.000, 4.342, 4.862
197.400, 17.285, 0.000, 153.365, 0.000, 4.361, 4.865
197.600, 17.277, 0.000, 153.335, 0.000, 4.379, 4.869
197.800, 17.268, 0.000, 153.306, 0.000, 4.396, 4.872
198.000, 17.258, 0.000, 153.277, 0.000, 4.412, 4.876
198.200, 17.248, 0.000, 153.250, 0.000, 4.427, 4.880
198.400, 17.238, 0.000, 153.223, 0.000, 4.440, 4.884
198.600, 17.227, 0.000, 153.196, 0.000, 4.452, 4.889
198.800, 17.216, 0.000, 153.170, 0.000, 4.463, 4.893
199.000, 17.204, 0.000, 153.145, 0.000, 4.472, 4.898
199.200, 17.192, 0.000, 153.119, 0.000, 4.479, 4.903
199.400, 17.181, 0.000, 153.094, 0.000, 4.486, 4.908
199.600, 17.169, 0.000, 153.068, 0.000, 4.490, 4.913
199.800, 17.156, 0.000, 153.043, 0.000, 4.494, 4.918
200.000, 17.144, 0.000, 153.018, 0.000, 4.495, 4.923
200.200, 17.132, 0.000, 152.992, 0.000, 4.495, 4.928
200.400, 17.120, 0.000, 152.966, 0.000, 4.494, 4.933
200.600, 17.109, 0.000, 152.939, 0.000, 4.491, 4.938
200.800, 17.097, 0.000, 152.912, 0.000, 4.486, 4.942
201.000, 17.086, 0.000, 152.885, 0.000, 4.480, 4.947
201.200, 17.074, 0.000, 152.857, 0.000, 4.472, 4.952
201.400, 17.064, 0.000, 152.828, 0.000, 4.463, 4.956
201.600, 17.053, 0.000, 152.798, 0.000, 4.453, 4.961
201.800, 17.043, 0.000, 152.767, 0.000, 4.441, 4.965
202.000, 17.034, 0.000, 152.735, 0.000, 4.428, 4.969
202.200, 17.025, 0.000, 152.703, 0.000, 4.414, 4.973
202.400, 17.016, 0.000, 152.669, 0.000, 4.398, 4.976
202.600, 17.009, 0.000, 152.634, 0.000, 4.382, 4.980
202.800, 17.001, 0.000, 152.598, 0.000, 4.364, 4.983
203.000, 16.995, 0.000, 152.560, 0.000, 4.346, 4.985
203.200, 16.989, 0.000, 152.522, 0.000, 4.326, 4.988
203.400, 16.984, 0.000, 152.482, 0.000, 4.306, 4.990
203.600, 16.979, 0.000, 152.441, 0.000, 4.286, 4.992
203.800, 16.975, 0.000, 152.398, 0.000, 4.264, 4.994
204.000, 16.972, 0.000, 152.354, 0.000, 4.242, 4.995
204.200, 16.970, 0.000, 152.309, 0.000, 4.220, 4.996
204.400, 16.969, 0.000, 152.262, 0.000, 4.198, 4.997
204.600, 16.968, 0.000, 152.214, 0.000, 4.175, 4.997
204.800, 16.968, 0.000, 152.165, 0.000, 4.152, 4.997
205.000, 16.969, 0.000, 152.114, 0.000, 4.129, 4.997
205.200, 16.971, 0.000, 152.062, 0.000, 4.106, 4.996
205.400, 16.973, 0.000, 152.009, 0.000, 4.084, 4.995
205.600, 16.976, 0.000, 151.954, 0.000, 4.062, 4.994
205.800, 16.980, 0.000, 151.898, 0.000, 4.040, 4.992
206.000, 16.985, 0.000, 151.841, 0.000, 4.018, 4.990
206.200, 16.990, 0.000, 151.783, 0.000, 3.998, 4.988
206.400, 16.996, 0.000, 151.723, 0.000, 3.977, 4.986
206.600, 17.002, 0.000, 151.663, 0.000, 3.958, 4.983
206.800, 17.010, 0.000, 151.602, 0.000, 3.940, 4.980
207.000, 17.017, 0.000, 151.540, 0.000, 3.922, 4.977
207.200, 17.026, 0.000, 151.476, 0.000, 3.906, 4.973
207.400, 17.035, 0.000, 151.413, 0.000, 3.890, 4.969
207.600, 17.044, 0.000, 151.348, 0.000, 3.876, 4.966
207.800, 17.054, 0.000, 151.283, 0.000, 3.862, 4.961
208.000, 17.064, 0.000, 151.217, 0.000, 3.851, 4.957
208.200, 17.074, 0.000, 151.151, 0.000, 3.840, 4.953
208.400, 17.085, 0.000, 151.085, 0.000, 3.831, 4.949
208.600, 17.096, 0.000, 151.018, 0.000, 3.823, 4.944
208.800, 17.107, 0.000, 150.951, 0.000, 3.816, 4.939
209.000, 17.118, 0.000, 150.884, 0.000, 3.811, 4.935
209.200, 17.130, 0.000, 150.817, 0.000, 3.808, 4.930
209.400, 17.141, 0.000, 150.750, 0.000, 3.805, 4.925
209.600, 17.152, 0.000, 150.683, 0.000, 3.805, 4.921
209.800, 17.164, 0.000, 150.616, 0.000, 3.805, 4.916
210.000, 17.175, 0.000, 150.550, 0.000, 3.808, 4.911
210.200, 17.186, 0.000, 150.484, 0.000, 3.811, 4.907
210.400, 17.197, 0.000, 150.418, 0.000, 3.817, 4.902
210.600, 17.207, 0.000, 150.353, 0.000, 3.823, 4.898
210.800, 17.218, 0.000, 150.289, 0.000, 3.831, 4.894
211.000, 17.228, 0.000, 150.226, 0.000, 3.840, 4.889
211.200, 17.237, 0.000, 150.163, 0.000, 3.851, 4.885
211.400, 17.247, 0.000, 150.101, 0.000, 3.863, 4.882
211.600, 17.255, 0.000, 150.040, 0.000, 3.876, 4.878
211.800, 17.263, 0.000, 149.981, 0.000, 3.890, 4.875
212.000, 17.271, 0.000, 149.922, 0.000, 3.905, 4.872
212.200, 17.278, 0.000, 149.864, 0.000, 3.921, 4.869
212.400, 17.285, 0.000, 149.808, 0.000, 3.938, 4.866
212.600, 17.291, 0.000, 149.752, 0.000, 3.956, 4.864
212.800, 17.296, 0.000, 149.698, 0.000, 3.975, 4.861
213.000, 17.300, 0.000, 149.645, 0.000, 3.994, 4.860
213.200, 17.304, 0.000, 149.594, 0.000, 4.014, 4.858
213.400, 17.307, 0.000, 149.543, 0.000, 4.034, 4.857
213.600, 17.310, 0.000, 149.494, 0.000, 4.055, 4.856
213.800, 17.311, 0.000, 149.447, 0.000, 4.076, 4.855
214.000, 17.312, 0.000, 149.400, 0.000, 4.098, 4.854
214.200, 17.313, 0.000, 149.355, 0.000, 4.119, 4.854
214.400, 17.312, 0.000, 149.312, 0.000, 4.141, 4.855
214.600, 17.311, 0.000, 149.269, 0.000, 4.162, 4.855
214.800, 17.309, 0.000, 149.228, 0.000, 4.184, 4.856
215.000, 17.306, 0.000, 149.188, 0.000, 4.205, 4.857
215.200, 17.303, 0.000, 149.149, 0.000, 4.226, 4.858
215.400, 17.299, 0.000, 149.112, 0.000, 4.246, 4.860
215.600, 17.294, 0.000, 149.075, 0.000, 4.266, 4.862
215.800, 17.289, 0.000, 149.040, 0.000, 4.285, 4.864
216.000, 17.283, 0.000, 149.005, 0.000, 4.304, 4.866
216.200, 17.276, 0.000, 148.972, 0.000, 4.322, 4.869
216.400, 17.269, 0.000, 148.939, 0.000, 4.339, 4.872
216.600, 17.262, 0.000, 148.908, 0.000, 4.355, 4.875
216.800, 17.253, 0.000, 148.877, 0.000, 4.370, 4.878
217.000, 17.245, 0.000, 148.846, 0.000, 4.384, 4.882
217.200, 17.236, 0.000, 148.817, 0.000, 4.397, 4.885
217.400, 17.226, 0.000, 148.788, 0.000, 4.409, 4.889
217.600, 17.217, 0.000, 148.759, 0.000, 4.419, 4.893
217.800, 17.207, 0.000, 148.731, 0.000, 4.428, 4.897
218.000, 17.197, 0.000, 148.703, 0.000, 4.437, 4.901
218.200, 17.186, 0.000, 148.675, 0.000, 4.443, 4.906
218.400, 17.176, 0.000, 